>> A = 3*exp(j*pi()/4)

A =

   2.1213 + 2.1213i

>> ask2(A)
    0.7854

     3

    2.1213

    2.1213