>> A = -2:2

A =

    -2    -1     0     1     2

>> ask4(A)